#CLLF -> Classic LISA Low Frequency
#Classic LISA curve with the low-frequency shape of Proposed LISA (PL)
#shifted to lower frequencies and splined together with Classic LISA. 
#CL is from Larson et al 2000. 
f	ASD
5.245214000000001006e-06	2.692468423719526266e-13
1.049042999999999233e-05	3.251882170590435076e-15
1.072450993439801762e-05	2.844121919726018555e-15
1.096381304989422557e-05	2.494342427311533810e-15
1.120845589479872053e-05	2.193784894568955978e-15
1.145855761804149113e-05	1.934938477496020709e-15
1.171424002720175991e-05	1.711486082278281023e-15
1.197562764783219566e-05	1.518163669021810832e-15
1.224284778410685196e-05	1.350551159051963938e-15
1.251603058082240681e-05	1.204917734335490865e-15
1.279530908678284929e-05	1.078111145136514225e-15
1.308081931959853176e-05	9.674612460439382105e-16
1.337270033193111063e-05	8.707069874041069088e-16
1.367109427921664770e-05	7.859442263480630385e-16
1.397614648889997418e-05	7.115505561304439823e-16
1.428800553121367516e-05	6.460950730867768162e-16
1.460682329153666859e-05	5.883576654588693305e-16
1.493275504436724592e-05	5.374400985488305042e-16
1.526595952894674288e-05	4.925848395430780823e-16
1.560659902657065231e-05	4.526999140773223075e-16
1.595483943962483305e-05	4.166797000788159836e-16
1.631085037238530253e-05	3.839750274009127963e-16
1.667480521362097950e-05	3.543407638067188680e-16
1.704688122103957906e-05	3.275452283760891397e-16
1.742725960761781027e-05	3.033667533509827944e-16
1.781612562985794367e-05	2.815955324373863312e-16
1.821366867801365913e-05	2.620348952999695324e-16
1.862008236832919620e-05	2.445021132458366221e-16
1.903556463733669629e-05	2.288288320927899278e-16
1.946031783825764917e-05	2.148612185908664000e-16
1.989454883955541018e-05	2.024598971867599835e-16
2.033846912568681485e-05	1.914997449076286057e-16
2.079229490010188334e-05	1.818696040874397214e-16
2.125624719054186408e-05	1.734581298301261541e-16
2.173055195668684180e-05	1.659641453472865788e-16
2.221544020020537846e-05	1.589782536574345838e-16
2.271114807725974004e-05	1.521738649993734570e-16
2.321791701352153583e-05	1.455898824649333693e-16
2.373599382175374558e-05	1.393071615887811800e-16
2.426563082201666158e-05	1.332887737262381945e-16
2.480708596455556420e-05	1.275322154325572037e-16
2.536062295543099860e-05	1.220279454949499275e-16
2.592651138495203589e-05	1.167595558025650504e-16
2.650502685897543313e-05	1.117165902043933346e-16
2.709645113313453781e-05	1.068931223307627264e-16
2.770107225006334506e-05	1.022782562206425546e-16
2.831918467968251444e-05	9.786181960358834227e-17
2.895108946261569193e-05	9.363568564495788933e-17
2.959709435680596645e-05	8.959408828215846788e-17
3.025751398740388946e-05	8.572479177275845289e-17
3.093267000000002109e-05	8.202403999999542653e-17
3.165339999999999072e-05	7.833079999999975271e-17
3.239092000000001683e-05	7.480423000000030104e-17
3.314562999999998507e-05	7.143698000000020673e-17
3.391791999999998374e-05	6.822039999999981920e-17
3.470821000000002187e-05	6.514955999999996443e-17
3.551691000000000619e-05	6.221651999999993956e-17
3.634445000000000741e-05	5.941521000000017182e-17
3.719128000000001638e-05	5.674041999999982430e-17
3.805783000000001573e-05	5.418604000000016962e-17
3.894458999999998554e-05	5.174657999999986660e-17
3.985199000000004397e-05	4.941688000000007844e-17
4.078054000000001664e-05	4.719209000000016224e-17
4.173072999999996493e-05	4.506742000000010528e-17
4.270306000000001869e-05	4.303853999999997221e-17
4.369803999999995610e-05	4.110084999999994412e-17
4.471621000000002499e-05	3.925047000000010327e-17
4.575808999999999069e-05	3.748345000000003300e-17
4.682424999999997440e-05	3.579589000000012115e-17
4.791526000000004986e-05	3.418435999999991291e-17
4.903168999999997914e-05	3.264533999999998656e-17
5.017412000000002640e-05	3.117569000000005078e-17
5.134318000000002568e-05	2.977206999999999199e-17
5.253947999999995864e-05	2.843176000000005955e-17
5.376364999999998456e-05	2.715171000000000757e-17
5.501633999999996596e-05	2.592932000000001142e-17
5.629822000000001068e-05	2.476198999999991672e-17
5.760996999999994268e-05	2.364719000000007424e-17
5.895227999999994576e-05	2.258256000000007684e-17
6.032587000000005673e-05	2.156589000000005127e-17
6.173145999999996004e-05	2.059496999999993934e-17
6.316980000000006052e-05	1.966777000000003567e-17
6.464166000000005289e-05	1.878231999999997387e-17
6.614780999999995037e-05	1.793672999999998329e-17
6.768905999999995870e-05	1.712920000000000589e-17
6.926620999999994410e-05	1.635803999999994227e-17
7.088011999999993963e-05	1.562158999999996804e-17
7.253161999999993559e-05	1.491829000000000969e-17
7.422159999999992648e-05	1.424665999999999781e-17
7.595097000000003017e-05	1.360526999999997876e-17
7.772062999999998435e-05	1.299274000000004077e-17
7.953152000000008519e-05	1.240781000000003628e-17
8.138460999999995330e-05	1.184919999999996773e-17
8.328086000000007596e-05	1.131574000000000416e-17
8.522130999999994318e-05	1.080629999999997616e-17
8.720696000000000437e-05	1.031978999999997827e-17
8.923889000000002339e-05	9.855181999999974651e-18
9.131815000000004657e-05	9.411495999999987657e-18
9.344587000000007166e-05	8.987782000000001900e-18
9.562319999999990805e-05	8.583139000000030453e-18
9.785112999999999092e-05	8.196732999999975103e-18
1.001311000000000144e-04	7.827708000000005680e-18
1.024641999999999871e-04	7.475293000000022490e-18
1.048516000000000178e-04	7.138751999999990408e-18
1.072946000000000484e-04	6.817361000000010204e-18
1.097945999999999737e-04	6.510434000000009249e-18
1.123528000000000265e-04	6.217330000000006960e-18
1.149705999999999526e-04	5.937418000000007090e-18
1.176493999999999582e-04	5.670108999999995965e-18
1.203907000000000534e-04	5.414834999999992034e-18
1.231957999999999903e-04	5.171056999999984948e-18
1.260661999999999688e-04	4.938252999999993810e-18
1.290035000000000465e-04	4.715928000000006820e-18
1.320093999999999359e-04	4.503607999999984210e-18
1.350852000000000530e-04	4.300853000000011361e-18
1.382325999999999748e-04	4.107224999999988559e-18
1.414534999999999426e-04	3.922311999999989826e-18
1.447493000000000813e-04	3.745727000000015352e-18
1.481219999999999347e-04	3.577090000000014914e-18
1.515732000000000754e-04	3.416047000000012265e-18
1.551048999999999928e-04	3.262253000000004808e-18
1.587189000000000568e-04	3.115381000000005425e-18
1.624169999999999596e-04	2.975126000000010480e-18
1.662012999999999837e-04	2.841181999999995641e-18
1.700737999999999707e-04	2.713267999999989082e-18
1.740365000000000336e-04	2.591113999999996272e-18
1.780916000000000823e-04	2.474459000000009044e-18
1.822411000000000126e-04	2.363057000000008441e-18
1.864873999999999384e-04	2.256670000000005111e-18
1.908325000000000808e-04	2.155071999999994213e-18
1.952788000000000657e-04	2.058049999999994222e-18
1.998288999999999664e-04	1.965393999999992487e-18
2.044848999999999029e-04	1.876910999999998486e-18
2.092492999999999686e-04	1.792411000000005985e-18
2.141248999999999529e-04	1.711714999999994323e-18
2.191140000000000438e-04	1.634651999999996138e-18
2.242192999999999693e-04	1.561060000000004041e-18
2.294437000000000408e-04	1.490779999999999936e-18
2.347896999999999994e-04	1.423664000000000801e-18
2.402603000000000551e-04	1.359570000000005085e-18
2.458583999999998685e-04	1.298362000000003107e-18
2.515869000000001306e-04	1.239909000000001620e-18
2.574488000000000210e-04	1.184090000000001532e-18
2.634473999999999605e-04	1.130782000000002801e-18
2.695858000000000304e-04	1.079874999999998462e-18
2.758671000000000951e-04	1.031259999999997816e-18
2.822947999999999929e-04	9.848330999999971590e-19
2.888722000000000360e-04	9.404976999999988917e-19
2.956030000000000766e-04	8.981580000000023664e-19
3.024904999999998849e-04	8.577247999999988790e-19
3.095384999999999435e-04	8.191121999999991458e-19
3.167507999999999218e-04	7.822380000000020233e-19
3.241310999999998891e-04	7.470243000000011296e-19
3.316832999999999826e-04	7.133964999999992954e-19
3.394115000000000825e-04	6.812827000000018468e-19
3.473198999999998321e-04	6.506150000000024310e-19
3.554124000000001820e-04	6.213282000000000794e-19
3.636935000000001187e-04	5.933605999999982777e-19
3.721676000000001126e-04	5.666522000000021470e-19
3.808391000000001464e-04	5.411467000000018669e-19
3.897125999999998913e-04	5.167901000000000147e-19
3.987929000000001709e-04	4.935302000000016974e-19
4.080848000000001285e-04	4.713178999999995118e-19
4.175932000000000797e-04	4.501063000000000607e-19
4.273230999999998322e-04	4.298500000000017033e-19
4.372797999999998922e-04	4.105062000000016067e-19
4.474683999999999389e-04	3.920337000000009526e-19
4.578944000000001674e-04	3.743935999999996454e-19
4.685633000000001222e-04	3.575482000000010581e-19
4.794808999999999378e-04	3.414617000000002886e-19
4.906528000000000061e-04	3.261001999999998562e-19
5.020848999999998454e-04	3.114308999999998941e-19
5.137835000000000318e-04	2.974228000000008511e-19
5.257547000000000435e-04	2.840460000000011751e-19
5.380047999999997520e-04	2.712723000000001789e-19
5.505402999999997474e-04	2.590743999999992110e-19
5.633679000000001462e-04	2.474266000000004080e-19
5.764942999999999804e-04	2.363040000000009325e-19
5.899265999999998280e-04	2.256831999999995742e-19
6.036719000000001587e-04	2.155414999999992442e-19
6.177374999999999923e-04	2.058572999999992158e-19
6.321308000000002260e-04	1.966103000000007905e-19
6.468594999999997992e-04	1.877806000000002305e-19
6.619312999999997114e-04	1.793497000000006693e-19
6.773543000000001226e-04	1.712996000000006387e-19
6.931366999999999260e-04	1.636132000000003689e-19
7.092866999999996409e-04	1.562741999999997381e-19
7.258130999999996662e-04	1.492670000000004592e-19
7.427245999999997159e-04	1.425767999999995355e-19
7.600301000000002230e-04	1.361892999999999614e-19
7.777387000000000623e-04	1.300911000000004835e-19
7.958600000000001220e-04	1.242689999999997122e-19
8.144034999999999556e-04	1.187108999999997941e-19
8.333791999999997204e-04	1.134049000000003806e-19
8.527969000000001562e-04	1.083396999999998118e-19
8.726670999999997479e-04	1.035045000000002159e-19
8.930002000000000903e-04	9.888925000000040626e-20
9.138070999999999130e-04	9.448396999999993546e-20
9.350987999999996062e-04	9.027934999999989106e-20
9.568866000000004210e-04	8.626648999999989219e-20
9.791821000000001333e-04	8.243682000000012298e-20
1.001996999999999480e-03	7.878230000000000468e-20
1.025344000000000082e-03	7.529496999999995855e-20
1.049233999999999584e-03	7.196772000000020029e-20
1.073680999999999941e-03	6.879321999999975450e-20
1.098697999999999949e-03	6.576495000000026246e-20
1.124298000000000354e-03	6.287619999999989813e-20
1.150493000000000262e-03	6.012111000000006053e-20
1.177300000000000698e-03	5.749364000000009733e-20
1.204730999999999684e-03	5.498822000000019658e-20
1.232802000000000073e-03	5.259953000000011736e-20
1.261526000000000444e-03	5.032260999999984551e-20
1.290919999999999438e-03	4.815237999999984699e-20
1.320996999999999753e-03	4.608444999999993508e-20
1.351776999999999536e-03	4.411419000000013094e-20
1.383272999999999534e-03	4.223756999999996304e-20
1.415503999999999721e-03	4.045042999999988973e-20
1.448485000000000224e-03	3.874900000000002320e-20
1.482234999999999499e-03	3.712962999999998951e-20
1.516771000000000525e-03	3.558883000000011468e-20
1.552111999999999372e-03	3.412322999999988349e-20
1.588275999999999794e-03	3.272972000000008069e-20
1.625282000000000896e-03	3.140523000000006506e-20
1.663152000000000207e-03	3.014686999999990462e-20
1.701904000000000394e-03	2.895185999999997407e-20
1.741556999999999914e-03	2.781760000000000317e-20
1.782135999999999486e-03	2.674150999999991750e-20
1.823660000000000168e-03	2.572119999999991713e-20
1.866149999999999363e-03	2.475438000000002875e-20
1.909631999999999215e-03	2.383878999999995286e-20
1.954125999999999606e-03	2.297231000000004457e-20
1.999656999999999737e-03	2.215290999999991823e-20
2.046249999999999025e-03	2.137863000000004512e-20
2.093927999999999675e-03	2.064756999999995830e-20
2.142715999999999371e-03	1.995792999999992022e-20
2.192640999999999080e-03	1.930794000000001160e-20
2.243730000000001071e-03	1.869589999999994834e-20
2.296008999999998596e-03	1.812018999999996483e-20
2.349505999999999470e-03	1.757919999999999314e-20
2.404249000000000230e-03	1.707140999999994382e-20
2.460268000000000697e-03	1.659532000000006765e-20
2.517593000000000261e-03	1.614947000000004112e-20
2.576252999999999269e-03	1.573246999999993724e-20
2.636278999999999619e-03	1.534293999999996002e-20
2.697703999999999987e-03	1.497954999999998754e-20
2.760560999999998617e-03	1.464101000000001569e-20
2.824881999999999914e-03	1.432605999999999707e-20
2.890700999999999861e-03	1.403346999999996136e-20
2.958055000000000666e-03	1.376208000000001276e-20
3.026978000000000047e-03	1.351073000000005234e-20
3.097505999999999437e-03	1.327831999999998937e-20
3.169677999999999558e-03	1.306376999999999215e-20
3.243531999999999058e-03	1.286607000000000710e-20
3.319105999999998752e-03	1.268421999999998374e-20
3.396440999999999610e-03	1.251726999999998051e-20
3.475578000000000434e-03	1.236431999999999772e-20
3.556559000000001670e-03	1.222451000000004970e-20
3.639427000000001935e-03	1.209701000000001718e-20
3.724226000000001920e-03	1.198105000000001782e-20
3.811000000000001886e-03	1.187588000000000698e-20
3.899796000000000078e-03	1.178082999999999514e-20
3.990661000000002116e-03	1.169521999999997757e-20
4.083644000000001724e-03	1.161846000000000777e-20
4.178792999999999223e-03	1.154996000000002187e-20
4.276158999999999863e-03	1.148921000000000203e-20
4.375793000000000217e-03	1.143569000000001460e-20
4.477748999999998751e-03	1.138896999999998395e-20
4.582079999999997925e-03	1.134859999999997421e-20
4.688842999999999830e-03	1.131421999999997828e-20
4.798092999999998935e-03	1.128546000000002205e-20
4.909888999999998012e-03	1.126200000000001162e-20
5.024288999999997757e-03	1.124353999999999322e-20
5.141354999999998496e-03	1.122984000000002884e-20
5.261148999999999687e-03	1.122064000000001772e-20
5.383732999999999921e-03	1.121573999999999221e-20
5.509175000000000703e-03	1.121496000000000443e-20
5.637537999999999230e-03	1.121812999999997871e-20
5.768893000000001499e-03	1.122511999999996474e-20
5.903307999999997738e-03	1.123581000000001534e-20
6.040855000000002958e-03	1.125011000000003016e-20
6.181607000000001288e-03	1.126794000000002185e-20
6.325639000000000955e-03	1.128925000000000337e-20
6.473025000000000306e-03	1.131399999999997579e-20
6.623848000000000756e-03	1.134217999999997509e-20
6.778182000000002386e-03	1.137378000000003125e-20
6.936115000000001377e-03	1.140883000000000771e-20
7.097726000000000382e-03	1.144735000000001902e-20
7.263102999999999053e-03	1.148940999999996067e-20
7.432333000000002771e-03	1.153506999999999734e-20
7.605507000000001801e-03	1.158442999999996315e-20
7.782714999999996476e-03	1.163759000000001270e-20
7.964053000000003921e-03	1.169467000000001195e-20
8.149615000000002413e-03	1.175581999999998818e-20
8.339501000000000899e-03	1.182121000000004562e-20
8.533811000000003991e-03	1.189101999999996814e-20
8.732649000000000314e-03	1.196544999999997169e-20
8.936119999999997052e-03	1.204473999999996418e-20
9.144331000000000334e-03	1.212914000000001918e-20
9.357393999999998047e-03	1.221893999999998198e-20
9.575421999999998365e-03	1.231442999999995819e-20
9.798529999999996271e-03	1.241597000000000156e-20
1.002684000000000041e-02	1.252390999999995204e-20
1.026045999999999903e-02	1.263868000000003570e-20
1.049952999999999824e-02	1.276072000000004689e-20
1.074416000000000086e-02	1.289051000000002414e-20
1.099450999999999727e-02	1.302859000000003228e-20
1.125068000000000075e-02	1.317555000000002533e-20
1.151282000000000173e-02	1.333203999999998961e-20
1.178106999999999592e-02	1.349877000000000990e-20
1.205556999999999636e-02	1.367651000000000317e-20
1.233647000000000216e-02	1.386612999999995521e-20
1.262390000000000040e-02	1.406854999999996223e-20
1.291804000000000043e-02	1.428482999999995801e-20
1.321902999999999793e-02	1.451612000000004740e-20
1.352703000000000412e-02	1.476368999999998749e-20
1.384222000000000403e-02	1.502893999999993864e-20
1.416472999999999691e-02	1.531344000000001646e-20
1.449477000000000231e-02	1.561891999999993814e-20
1.483250000000000193e-02	1.594732000000006274e-20
1.517809999999999993e-02	1.630079000000001895e-20
1.553175000000000389e-02	1.668172000000001594e-20
1.589364000000000055e-02	1.709279999999999847e-20
1.626395999999999745e-02	1.753702000000002004e-20
1.664291000000000381e-02	1.801773000000005095e-20
1.703068999999999764e-02	1.853864999999994384e-20
1.742751000000000022e-02	1.910397999999994197e-20
1.783356999999999651e-02	1.971835999999992646e-20
1.824909000000000253e-02	2.038697000000001328e-20
1.867428999999999964e-02	2.111553999999994695e-20
1.910940000000000208e-02	2.191032999999996705e-20
1.955464999999999634e-02	2.277815999999994332e-20
2.001028000000000182e-02	2.372632000000005629e-20
2.047650999999999638e-02	2.476238000000005333e-20
2.095362000000000266e-02	2.589385000000000611e-20
2.144183000000000200e-02	2.712774999999991305e-20
2.194142999999999788e-02	2.846966999999992035e-20
2.245267000000000443e-02	2.992250999999995858e-20
2.297580999999999929e-02	3.148461000000006610e-20
2.351114999999999802e-02	3.314706000000001690e-20
2.405895999999999729e-02	3.489032000000002559e-20
2.461953000000000405e-02	3.668026999999991563e-20
2.519317000000000431e-02	3.846437999999984773e-20
2.578017000000000850e-02	4.016972999999990920e-20
2.638083999999999568e-02	4.170497000000011816e-20
2.699553000000000716e-02	4.296874000000002252e-20
2.762451000000000489e-02	4.386525000000005944e-20
2.826817000000000565e-02	4.432434000000013089e-20
2.892681000000000766e-02	4.431893000000004993e-20
2.960081000000000517e-02	4.387232000000015622e-20
3.029050999999999272e-02	4.305180000000004124e-20
3.099627999999999411e-02	4.195184999999987439e-20
3.171849000000000196e-02	4.067444999999992520e-20
3.245752999999999833e-02	3.931353999999999882e-20
3.321378999999999998e-02	3.794624999999993083e-20
3.398768000000000622e-02	3.663059000000005001e-20
3.477957999999999050e-02	3.540703999999987684e-20
3.558994999999999520e-02	3.430210000000009422e-20
3.641920000000000573e-02	3.333209000000005679e-20
3.726777000000000561e-02	3.250658999999997257e-20
3.813609999999999223e-02	3.183111000000003499e-20
3.902468000000000603e-02	3.130922999999995667e-20
3.993395000000000972e-02	3.094407999999998528e-20
4.086440999999999685e-02	3.073946999999994890e-20
4.181656000000000956e-02	3.070083999999993332e-20
4.279088000000000336e-02	3.083585999999987363e-20
4.378789999999999766e-02	3.115513000000009475e-20
4.480815999999998578e-02	3.167271000000007913e-20
4.585220000000000962e-02	3.240657999999990744e-20
4.692054999999999837e-02	3.337896000000003948e-20
4.801380000000000925e-02	3.461621999999995747e-20
4.913253000000000759e-02	3.614794000000011444e-20
5.027730999999999867e-02	3.800434999999990705e-20
5.144878000000000645e-02	4.021065000000016292e-20
5.264753000000000488e-02	4.277583000000017608e-20
5.387420999999998489e-02	4.567344999999998354e-20
5.512949000000000321e-02	4.881243999999989546e-20
5.641400000000000581e-02	5.200310999999985820e-20
5.772844999999998672e-02	5.493885999999987718e-20
5.907352000000001130e-02	5.723287000000014586e-20
6.044993999999998674e-02	5.853856999999981134e-20
6.185841999999999036e-02	5.871058999999996088e-20
6.329972000000000376e-02	5.788569000000010616e-20
6.477460000000000162e-02	5.641187999999993076e-20
6.628385000000000526e-02	5.469512000000001515e-20
6.782826000000000133e-02	5.308132999999995752e-20
6.940865999999999703e-02	5.181788000000005077e-20
7.102587999999998569e-02	5.106952999999987758e-20
7.268078000000001426e-02	5.095236000000013532e-20
7.437424999999998898e-02	5.156579999999983229e-20
7.610716999999998789e-02	5.301657999999992238e-20
7.788045999999998470e-02	5.543316000000009090e-20
7.969507999999998760e-02	5.896587999999975988e-20
8.155197000000001528e-02	6.375584000000005206e-20
8.345213000000001324e-02	6.983106000000021711e-20
8.539657000000001885e-02	7.686287999999986868e-20
8.738631000000000870e-02	8.378357000000010534e-20
8.942240999999997997e-02	8.867067000000029916e-20
9.150595000000001644e-02	8.975035999999964328e-20
9.363804000000003347e-02	8.706562999999976756e-20
9.581977999999997941e-02	8.244548999999984672e-20
9.803368000000001192e-02	7.790364000000015378e-20
1.002986999999999906e-01	7.458568000000001495e-20
1.026161999999999908e-01	7.304369000000027859e-20
1.049872000000000166e-01	7.356351000000016802e-20
1.074128000000000166e-01	7.640322000000022861e-20
1.098945999999999812e-01	8.186921000000021032e-20
1.124336999999999837e-01	9.016524999999971268e-20
1.150314999999999810e-01	1.007434000000003869e-19
1.176891999999999799e-01	1.109428999999995613e-19
1.204083999999999849e-01	1.157387000000003891e-19
1.231904999999999945e-01	1.124714000000003588e-19
1.260368000000000044e-01	1.046876999999997401e-19
1.289488000000000023e-01	9.741535000000005381e-20
1.319282000000000232e-01	9.331343999999972299e-20
1.349763999999999964e-01	9.337619000000003635e-20
1.380949999999999955e-01	9.823574999999967390e-20
1.412856000000000112e-01	1.086059000000003349e-19
1.445500999999999869e-01	1.243467000000001876e-19
1.478897999999999879e-01	1.406546000000004302e-19
1.513069000000000219e-01	1.457501999999995987e-19
1.548028000000000182e-01	1.361176999999998591e-19
1.583796000000000093e-01	1.232325000000001886e-19
1.620389000000000135e-01	1.156699999999995885e-19
1.657828000000000079e-01	1.159842999999998299e-19
1.696130999999999889e-01	1.253078999999996722e-19
1.735319999999999918e-01	1.442396000000002411e-19
1.775415000000000187e-01	1.666450000000005103e-19
1.816435999999999884e-01	1.717615999999994416e-19
1.858403999999999889e-01	1.553222999999996760e-19
1.901342000000000032e-01	1.392738999999994743e-19
1.927040000000000142e-01	1.349667000000003091e-19
1.953084999999999682e-01	1.352582000000003520e-19
1.979481999999999631e-01	1.405307000000001346e-19
2.006235000000000379e-01	1.512176000000001877e-19
2.033350999999999631e-01	1.672670000000004308e-19
2.060832999999999970e-01	1.862640999999995933e-19
2.088685999999999876e-01	2.007267999999999974e-19
2.116914999999999769e-01	2.014193000000007210e-19
2.145526999999999851e-01	1.891064000000003318e-19
2.174524000000000179e-01	1.734964000000001458e-19
2.203913999999999596e-01	1.618072999999996553e-19
2.233700999999999881e-01	1.566473000000002255e-19
2.263890999999999820e-01	1.587866000000001665e-19
2.294488000000000083e-01	1.688096999999996261e-19
2.325499000000000316e-01	1.870020000000004890e-19
2.356930000000000136e-01	2.106606000000002582e-19
2.388784999999999659e-01	2.287122999999990742e-19
2.421069999999999611e-01	2.266694999999999304e-19
2.453793000000000224e-01	2.082242000000008127e-19
2.486957000000000195e-01	1.891386999999997925e-19
2.520568999999999726e-01	1.780134999999996316e-19
2.554636000000000129e-01	1.771053000000002248e-19
2.589163000000000436e-01	1.873123000000005165e-19
2.624156999999999740e-01	2.093111000000007879e-19
2.659623999999999877e-01	2.394323999999995161e-19
2.695569999999999911e-01	2.597595999999997764e-19
2.732002000000000042e-01	2.502242999999999963e-19
2.768925999999999332e-01	2.243968999999993525e-19
2.806350000000000233e-01	2.044988999999994970e-19
2.844279000000000113e-01	1.981853999999995951e-19
2.871554000000000606e-01	2.028792999999996428e-19
2.899089999999999168e-01	2.157027000000008689e-19
2.926890999999999243e-01	2.366110999999991423e-19
2.954957999999999196e-01	2.626558000000006300e-19
2.983294000000000223e-01	2.838987999999997936e-19
3.011902000000000190e-01	2.864463999999999232e-19
3.040784999999999738e-01	2.693422999999997393e-19
3.069945000000000035e-01	2.461380999999996136e-19
3.099382999999999444e-01	2.279172000000000451e-19
3.129104000000000330e-01	2.187373999999999509e-19
3.159110000000000529e-01	2.195980999999994355e-19
3.189405000000000157e-01	2.310950000000004833e-19
3.219988999999999768e-01	2.536414000000007938e-19
3.250867000000000062e-01	2.846836000000008754e-19
3.282039999999999957e-01	3.119962999999991061e-19
3.313513000000000153e-01	3.153842999999993476e-19
3.345288000000000150e-01	2.932859000000004618e-19
3.377367000000000008e-01	2.655784000000008925e-19
3.409753999999999841e-01	2.463717000000002904e-19
3.442451999999999734e-01	2.398021999999991445e-19
3.475462999999999747e-01	2.468226000000004630e-19
3.508790999999999993e-01	2.681625000000000551e-19
3.542437999999999976e-01	3.023187000000012050e-19
3.576407999999999809e-01	3.366303000000004651e-19
3.610703000000000107e-01	3.437649999999994184e-19
3.645327999999999902e-01	3.177296999999990906e-19
3.680284999999999807e-01	2.850802999999999093e-19
3.715575999999999879e-01	2.642993000000000543e-19
3.751206000000000262e-01	2.600451999999994785e-19
3.787177999999999933e-01	2.734317000000003510e-19
3.815347000000000044e-01	2.965190000000010008e-19
3.843726000000000087e-01	3.288838999999998274e-19
3.872317000000000120e-01	3.613118000000012647e-19
3.901120000000000143e-01	3.751817999999993755e-19
3.930136000000000185e-01	3.602581000000000895e-19
3.959368999999999805e-01	3.300603999999990619e-19
3.988820000000000143e-01	3.024997000000011946e-19
4.018489000000000089e-01	2.857102999999989576e-19
4.048378999999999728e-01	2.816990999999995644e-19
4.078490000000000171e-01	2.910579999999990640e-19
4.108827999999999925e-01	3.143217000000005721e-19
4.139388999999999985e-01	3.499689000000005803e-19
4.170178999999999969e-01	3.875605999999991975e-19
4.201196999999999848e-01	4.032480000000004484e-19
4.232446000000000264e-01	3.838074000000013479e-19
4.263927000000000134e-01	3.481432000000014537e-19
4.295643000000000100e-01	3.183514000000006116e-19
4.327594000000000163e-01	3.028964999999995345e-19
4.359782999999999853e-01	3.034970000000008511e-19
4.392211999999999783e-01	3.208900999999995780e-19
4.424881999999999982e-01	3.552278000000000882e-19
4.457793999999999923e-01	4.001224000000001513e-19
4.490952000000000277e-01	4.311167999999996484e-19
4.524355999999999933e-01	4.202970999999988346e-19
4.558009000000000088e-01	3.810292999999985754e-19
4.591912000000000216e-01	3.447765999999994027e-19
4.626066999999999818e-01	3.254417999999987643e-19
4.660476000000000063e-01	3.257658000000006355e-19
4.695141999999999927e-01	3.466388000000008845e-19
4.730063999999999935e-01	3.877365999999985466e-19
4.758811000000000013e-01	4.293208000000000433e-19
4.787732000000000099e-01	4.582914999999996233e-19
4.816829000000000249e-01	4.534575000000002698e-19
4.846102999999999938e-01	4.202534000000002255e-19
4.875554000000000276e-01	3.825037999999992777e-19
4.905185000000000239e-01	3.553447999999995442e-19
4.934995999999999827e-01	3.433077000000008584e-19
4.964987000000000150e-01	3.472785999999988464e-19
4.995162000000000213e-01	3.678688999999993449e-19
5.025519000000000513e-01	4.048977999999984246e-19
5.056062000000000056e-01	4.519207000000001394e-19
5.086789000000000449e-01	4.867085000000013187e-19
5.117703999999999587e-01	4.817833000000007858e-19
5.148804999999999632e-01	4.435049999999989932e-19
5.180097000000000174e-01	4.017685999999985560e-19
5.211578000000000044e-01	3.740106000000003848e-19
5.243250999999999884e-01	3.647346000000013595e-19
5.275115999999999694e-01	3.747982999999995405e-19
5.307176000000000116e-01	4.048440999999988714e-19
5.339428999999999981e-01	4.525963000000009811e-19
5.371879000000000515e-01	5.019892999999999717e-19
5.404525999999999497e-01	5.173335999999985358e-19
5.437372000000000316e-01	4.846248000000008411e-19
5.470416000000000167e-01	4.358934000000001862e-19
5.503662000000000276e-01	3.996982000000010611e-19
5.537109999999999532e-01	3.847297999999998504e-19
5.570760999999999630e-01	3.924129999999990728e-19
5.604616999999999516e-01	4.235724999999988395e-19
5.638678000000000301e-01	4.761001000000012928e-19
5.672945999999999822e-01	5.312341000000001013e-19
5.702095999999999831e-01	5.472880999999996925e-19
5.731395000000000239e-01	5.210934999999988058e-19
5.760845999999999467e-01	4.752400000000004849e-19
5.790446999999999678e-01	4.352839999999992471e-19
5.820199999999999818e-01	4.117658000000006497e-19
5.850106000000000472e-01	4.069499000000013000e-19
5.880166999999999478e-01	4.214158999999994576e-19
5.910381000000000107e-01	4.556089000000005917e-19
5.940750000000000197e-01	5.065131999999980060e-19
5.971275999999999806e-01	5.577212999999995839e-19
6.001959000000000044e-01	5.754405000000019302e-19
6.032798999999999801e-01	5.446469999999999493e-19
6.063798000000000243e-01	4.934344999999996334e-19
6.094954999999999679e-01	4.512923000000003870e-19
6.126274000000000441e-01	4.290289999999983990e-19
6.157751999999999670e-01	4.286221000000003387e-19
6.189394000000000284e-01	4.507539000000016680e-19
6.221197000000000532e-01	4.954573999999998062e-19
6.253163999999999945e-01	5.552283999999978452e-19
6.285294000000000159e-01	6.008027999999999351e-19
6.317589999999999595e-01	5.936325999999982829e-19
6.350052999999999948e-01	5.428504000000013304e-19
6.382681000000000049e-01	4.897783999999993798e-19
6.415477000000000540e-01	4.566350999999987736e-19
6.448441999999999785e-01	4.484048999999998018e-19
6.481578000000000062e-01	4.659749000000018391e-19
6.514881999999999618e-01	5.097899999999992726e-19
6.548357000000000205e-01	5.736017999999984611e-19
6.582006000000000245e-01	6.269191999999978220e-19
6.615826000000000207e-01	6.225949000000002592e-19
6.645273999999999903e-01	5.756417999999997036e-19
6.674851000000000534e-01	5.229618999999982334e-19
6.704561999999999466e-01	4.852675999999983014e-19
6.734404000000000501e-01	4.684860999999988233e-19
6.764379000000000364e-01	4.735946999999996860e-19
6.794487999999999639e-01	5.012064000000009186e-19
6.824731000000000547e-01	5.507798999999978800e-19
6.855107999999999757e-01	6.132274000000004514e-19
6.885620000000000074e-01	6.586223000000013861e-19
6.916267999999999860e-01	6.509582999999979038e-19
6.947052999999999701e-01	5.990618999999999893e-19
6.977974999999999595e-01	5.423665000000011384e-19
7.009033999999999542e-01	5.039386000000011389e-19
7.040231000000000128e-01	4.897025999999982127e-19
7.071568000000000298e-01	5.005843999999996981e-19
7.103042999999999996e-01	5.372214000000007613e-19
7.134658999999999862e-01	5.972435999999984249e-19
7.166415999999999897e-01	6.629500999999988772e-19
7.198314999999999575e-01	6.910981000000023770e-19
7.230353999999999948e-01	6.559481999999998420e-19
7.262537000000000020e-01	5.919587000000009692e-19
7.294863000000000319e-01	5.392588999999992761e-19
7.327333000000000318e-01	5.123080000000015460e-19
7.359947000000000017e-01	5.134947000000014921e-19
7.392706999999999473e-01	5.435845999999997376e-19
7.425612000000000323e-01	6.019381000000019401e-19
7.458662999999999821e-01	6.752992999999990133e-19
7.491862000000000243e-01	7.196566999999982886e-19
7.525209000000000481e-01	6.931895999999973519e-19
7.558704000000000534e-01	6.251797000000005823e-19
7.588380999999999599e-01	5.714578999999979444e-19
7.618173000000000306e-01	5.393279000000006429e-19
7.648082999999999965e-01	5.317496999999985496e-19
7.678110000000000213e-01	5.493118000000002836e-19
7.708255000000000523e-01	5.924474999999977290e-19
7.738519000000000370e-01	6.573684000000000034e-19
7.768901000000000279e-01	7.236453999999972549e-19
7.799401999999999724e-01	7.483253000000001068e-19
7.830023999999999873e-01	7.102101999999984329e-19
7.860764000000000085e-01	6.437527000000004179e-19
7.891626000000000474e-01	5.875887000000012960e-19
7.922611000000000514e-01	5.564243999999994526e-19
7.953715000000000090e-01	5.529138000000002934e-19
7.984942999999999902e-01	5.777073999999978663e-19
8.016292000000000417e-01	6.309248000000026165e-19
8.047765000000000057e-01	7.049563999999972344e-19
8.079361000000000459e-01	7.675960000000018203e-19
8.111081999999999459e-01	7.691468999999980331e-19
8.142926999999999804e-01	7.098715000000021395e-19
8.174896000000000384e-01	6.397253000000006423e-19
8.206991000000000147e-01	5.912866999999985433e-19
8.239212999999999676e-01	5.730224999999980231e-19
8.271560999999999497e-01	5.860952000000013470e-19
8.304036999999999669e-01	6.311718000000017301e-19
8.336637999999999549e-01	7.045622999999999453e-19
8.369368999999999836e-01	7.811032999999991284e-19
8.402228000000000474e-01	8.044436000000026072e-19
8.435215999999999825e-01	7.522425999999983772e-19
8.468333999999999584e-01	6.750943999999976240e-19
8.501581000000000277e-01	6.177240000000007007e-19
8.531438999999999551e-01	5.942651999999997982e-19
8.561400999999999595e-01	5.985528000000013530e-19
8.591469000000000467e-01	6.311929999999995271e-19
8.621642000000000472e-01	6.915779999999996106e-19
8.651921999999999668e-01	7.692496000000022650e-19
8.682307999999999693e-01	8.285190999999974567e-19
8.712800000000000544e-01	8.232002000000012883e-19
8.743398999999999477e-01	7.598834999999998671e-19
8.774106999999999879e-01	6.873688999999992145e-19
8.804920999999999998e-01	6.363495999999997790e-19
8.835844000000000475e-01	6.150977000000025337e-19
8.866876000000000202e-01	6.247572999999988704e-19
8.898017000000000287e-01	6.659788000000010088e-19
8.929266999999999621e-01	7.366951000000013109e-19
8.960626000000000424e-01	8.189685000000024111e-19
8.992096000000000533e-01	8.637348000000028629e-19
9.023676999999999948e-01	8.310812000000018706e-19
9.055368000000000306e-01	7.534540000000029821e-19
9.087171000000000554e-01	6.832340999999977325e-19
9.119085000000000107e-01	6.426188000000021784e-19
9.151112000000000135e-01	6.357347999999992421e-19
9.183251000000000053e-01	6.633162000000025171e-19
9.215501999999999860e-01	7.254588999999975612e-19
9.247866999999999615e-01	8.126021999999976489e-19
9.280346000000000428e-01	8.838721000000013445e-19
9.312939000000000078e-01	8.789772999999985084e-19
9.345645000000000202e-01	8.048792999999999832e-19
9.378467000000000331e-01	7.238894000000003368e-19
9.411405000000000465e-01	6.716956999999982631e-19
9.444458000000000020e-01	6.563247000000017944e-19
9.474462999999999635e-01	6.750062000000007578e-19
9.504563000000000317e-01	7.251460000000006518e-19
9.534759000000000428e-01	8.028170000000020776e-19
9.565048999999999912e-01	8.853373000000034188e-19
9.595441999999999583e-01	9.215529999999967248e-19
9.625922000000000089e-01	8.802742999999966457e-19
9.656506000000000256e-01	7.991995999999985889e-19
9.687185999999999853e-01	7.275361000000026564e-19
9.717961000000000515e-01	6.854833999999974652e-19
9.748831999999999498e-01	6.768616000000019097e-19
9.779807000000000361e-01	7.023163999999975127e-19
9.810877999999999544e-01	7.621377999999992774e-19
9.842045000000000377e-01	8.492870000000015114e-19
9.873315999999999759e-01	9.304447999999980768e-19
9.904682999999999682e-01	9.456251999999982506e-19
9.936154999999999848e-01	8.818264000000014787e-19
9.967721999999999971e-01	7.949172999999989148e-19
9.999384000000000050e-01	7.296955999999973678e-19
1.003114999999999979e+00	6.996329999999990258e-19
1.006302000000000030e+00	7.065691000000002935e-19
1.009498999999999924e+00	7.512084999999992180e-19
1.012707000000000024e+00	8.315052000000023970e-19
1.015922999999999909e+00	9.270119999999985306e-19
1.019152000000000058e+00	9.789657999999991608e-19
1.022389999999999910e+00	9.390827000000030866e-19
1.025636999999999910e+00	8.480521999999976221e-19
1.028896000000000033e+00	7.682728000000030007e-19
1.032164999999999999e+00	7.245125999999984293e-19
1.035444000000000031e+00	7.208922000000017977e-19
1.038732999999999906e+00	7.581927000000007697e-19
